1685454874804 0.01152446746826172 0
1685454874892 0.02313515543937683 0
1685454874981 0.034738506078720095 0
1685454875073 0.04629329919815064 0
1685454875156 0.05785143613815308 0
1685454875262 0.0694425368309021 0
1685454875365 0.08100087881088257 0
1685454875451 0.09246536254882813 0
1685454875531 0.10388937592506409 0
1685454875666 0.11530372023582458 0
1685454875763 0.12667786240577697 0
1685454875891 0.13806151390075683 0
1685454876177 0.14932780265808104 0
1685454876269 0.16071399092674254 0
1685454876413 0.17207390546798706 0
1685454876501 0.18320098519325256 0
1685454876577 0.19443145632743836 0
1685454876729 0.2056238543987274 0
1685454876853 0.21679208278656006 0
1685454876934 0.22795018076896667 0
1685454877033 0.2390969240665436 0
1685454877190 0.2501762104034424 0
1685454877330 0.26103482246398924 0
1685454877423 0.27207042813301086 0
1685454877506 0.28312726974487307 0
1685454877601 0.2940218734741211 0
1685454877681 0.30490352511405944 0
1685454877783 0.3156482636928558 0
1685454877894 0.32659488439559936 0
1685454877982 0.33729543805122375 0
1685454878073 0.3481143474578857 0
1685454878170 0.3588801038265228 0
1685454878269 0.36948604106903077 0
1685454878375 0.3799715530872345 0
1685454878460 0.3904625034332275 0
1685454878544 0.400977121591568 0
1685454878649 0.41158851742744446 0
1685454878763 0.42204146027565004 0
1685454878890 0.4323889935016632 0
1685454878977 0.4428733992576599 0
1685454879060 0.4530840766429901 0
1685454879157 0.4631965744495392 0
1685454879243 0.4733926510810852 0
1685454879332 0.48347397446632384 0
1685454879418 0.4934458267688751 0
1685454879527 0.5033861446380615 0
1685454879637 0.5134013533592224 0
1685454879726 0.5232054495811462 0
1685454879807 0.5327198678255081 0
1685454879903 0.5422835105657577 0
1685454879993 0.5519833081960678 0
1685454880081 0.5617539632320404 0
1685454880176 0.5715164482593537 0
1685454880293 0.5810329765081406 0
1685454880389 0.5906798374652863 0
1685454880471 0.600158662199974 0
1685454880566 0.6097443932294846 0
1685454880665 0.6190168166160583 0
1685454880749 0.6280082660913467 0
1685454880838 0.636979495882988 0
1685454880929 0.6458832371234894 0
1685454881012 0.6552780961990357 0
1685454881117 0.6641021740436553 0
1685454881196 0.6728137224912644 0
1685454881278 0.6816116791963577 0
1685454881371 0.6902967202663421 0
1685454881455 0.6989527237415314 0
1685454881547 0.7075299328565597 0
1685454881645 0.7160477769374848 0
1685454881724 0.7244761073589325 0
1685454881833 0.7325778996944428 0
1685454881916 0.7406135362386703 0
1685454882006 0.748689410686493 0
1685454882100 0.7563954812288284 0
1685454882179 0.7639616250991821 0
1685454882263 0.7720205116271973 0
1685454882364 0.7799568766355515 0
1685454882454 0.7871952247619629 0
1685454882535 0.7955058991909028 0
1685454882639 0.8026351934671402 0
1685454882718 0.8099438840150833 0
1685454882801 0.8170649480819702 0
1685454882903 0.8246317237615586 0
1685454882982 0.8314550453424454 0
1685454883091 0.8381111776828766 0
1685454883175 0.845142667889595 0
1685454883261 0.8515735858678818 0
1685454883357 0.8579495775699616 0
1685454883439 0.8643845474720001 0
1685454883537 0.8705608659982681 0
1685454883646 0.8777035802602768 0
1685454883728 0.8839441394805908 0
1685454883812 0.8903607136011124 0
1685454883914 0.8969988471269608 0
1685454883991 0.9036792421340942 0
1685454884075 0.9102913361787796 0
1685454884167 0.9161955046653748 0
1685454884251 0.9221715158224106 0
1685454884336 0.9282242208719254 0
1685454884418 0.9344185107946396 0
1685454884503 0.9403314995765686 0
1685454884598 0.9466748249530792 0
1685454884684 0.9525566613674163 0
1685454884771 0.9577977138757706 0
1685454884874 0.9637844043970109 0
1685454884957 0.9698060518503189 0
1685454885044 0.975237455368042 0
1685454885147 0.9804218012094498 0
1685454885230 0.9859616988897324 0
1685454885316 0.9916018003225326 0
1685454885409 0.9972648394107818 0
1685454885490 1.002787964940071 0
1685454885579 1.0080203431844712 0
1685454885669 1.0131741201877593 0
1685454885760 1.0182536625862122 0
1685454885858 1.0236498260498046 0
1685454885936 1.0284805288910865 0
1685454886017 1.0330585414171218 0
1685454886139 1.0377870219945908 0
1685454886228 1.0432077550888061 0
1685454886308 1.048203970193863 0
1685454886429 1.0529155236482621 0
1685454886513 1.0580360490083693 0
1685454886640 1.0629102766513825 0
1685454886822 1.0680625730752944 0
1685454886999 1.0739616417884827 0
1685454887137 1.0789754348993301 0
1685454887295 1.0838303259015083 0
1685454887457 1.0888607248663902 0
1685454887573 1.0938445857167245 0
1685454887719 1.097632653415203 0
1685454887892 1.1031098714470864 0
1685454888060 1.1078635406494142 0
1685454888263 1.1126501649618148 0
1685454888467 1.117384369969368 0
1685454888641 1.1215562549233438 0
1685454888767 1.1268757346272469 0
1685454888918 1.131372418999672 0
1685454889071 1.1360537269711495 0
1685454889212 1.1402964064478873 0
1685454889374 1.144988598227501 0
1685454889576 1.1502960962057114 0
1685454889785 1.1548609408736228 0
1685454890056 1.1606959465146065 0
1685454890311 1.165640463232994 0
1685454890694 1.1699562752246857 0
1685454890958 1.1746300247311592 0
1685454891137 1.1794436848163605 0
1685454891258 1.1838781705498695 0
1685454891387 1.189018842279911 0
1685454891521 1.1930673751235008 0
1685454891655 1.197212129533291 0
1685454891790 1.201263238787651 0
1685454891905 1.2046254807710648 0
1685454892032 1.2091942739486694 0
1685454892118 1.2137254786491394 0
1685454892257 1.2188551819324493 0
1685454892402 1.2226952624320984 0
1685454892554 1.2268026757240296 0
1685454892667 1.2307183617353439 0
1685454892786 1.235006548166275 0
1685454892933 1.2396598839759827 0
1685454893043 1.2444129186868667 0
1685454893172 1.2492741739749909 0
1685454893320 1.2542697343230247 0
1685454893451 1.2579462078213692 0
1685454893587 1.262085493505001 0
1685454893701 1.2661216494441032 0
1685454893849 1.2708188626170158 0
1685454893960 1.274156841337681 0
1685454894209 1.2781516575813294 0
1685454894507 1.282585386633873 0
1685454894716 1.2863868796825408 0
1685454894817 1.289805254340172 0
1685454894908 1.2933263978362084 0
1685454895012 1.2971992483735084 0
1685454895140 1.3017793107032776 0
1685454895238 1.3058622354269027 0
1685454895330 1.3093285182118415 0
1685454895412 1.3128378105163574 0
1685454895559 1.3166208669543267 0
1685454895657 1.3199797940254212 0
1685454895753 1.3233640033006668 0
1685454895850 1.3276268103718758 0
1685454895960 1.3315149718523025 0
1685454896059 1.335139898955822 0
1685454896177 1.3382830756902695 0
1685454896283 1.3429695224761964 0
1685454896364 1.3469815388321877 0
1685454896447 1.3510769629478454 0
1685454896531 1.3548801657557488 0
1685454896655 1.3589925509691239 0
1685454896790 1.3639832040667534 0
1685454896874 1.3683220422267914 0
1685454896958 1.3713484564423561 0
1685454897048 1.374875227510929 0
1685454897138 1.3785438096523286 0
1685454897229 1.3823233261704444 0
1685454897311 1.3856762945652008 0
1685454897392 0.0 0
1685454897493 0.0036513620615005495 0
1685454897575 0.007048637568950653 0
1685454897662 0.010095396637916565 0
1685454897766 0.013146845400333404 0
1685454897848 0.01771214485168457 0
1685454897931 0.021276575922966005 0
1685454898029 0.024411959350109102 0
1685454898111 0.027597075700759886 0
1685454898195 0.031344213783741 0
1685454898288 0.03573230862617493 0
1685454898371 0.040106459259986876 0
1685454898469 0.044642138183116915 0
1685454898558 0.04819883555173874 0
1685454898637 0.05140045523643494 0
1685454898733 0.05531553268432617 0
1685454898811 0.058794114589691165 0
1685454898894 0.06287376642227173 0
1685454898981 0.06699951320886612 0
1685454899064 0.07042795926332474 0
1685454899147 0.07372638702392578 0
1685454899233 0.07680366784334183 0
1685454899314 0.08087904274463653 0
1685454899400 0.0847458553314209 0
1685454899486 0.08843794375658036 0
1685454899569 0.09215864092111588 0
1685454899654 0.09542052716016769 0
1685454899737 0.09896402657032013 0
1685454899824 0.10173469603061676 0
1685454899928 0.10423719048500062 0
1685454900021 0.10837242126464844 0
1685454900102 0.11255837172269821 0
1685454900194 0.11636481463909149 0
1685454900286 0.11951692163944244 0
1685454900368 0.12253674209117889 0
1685454900458 0.12606054782867432 0
1685454900550 0.12942655324935914 0
1685454900634 0.13277991354465485 0
1685454900792 0.1366602697968483 0
1685454900904 0.141896313726902 0
1685454900996 0.14498205602169037 0
1685454901075 0.14863572001457215 0
1685454901160 0.1532399672269821 0
1685454901255 0.15682041972875596 0
1685454901352 0.15982620000839234 0
1685454901459 0.16209499716758727 0
1685454901549 0.1669819948077202 0
1685454901629 0.17013774633407594 0
1685454901719 0.17398474246263504 0
1685454901806 0.17758751183748245 0
1685454901897 0.18099100768566131 0
1685454901985 0.1848231729865074 0
1685454902071 0.18852593421936034 0
1685454902161 0.19266782313585282 0
1685454902258 0.19579324156045913 0
1685454902339 0.19908438086509705 0
1685454902433 0.2021806874871254 0
1685454902527 0.20477618664503097 0
1685454902611 0.20826969176530838 0
1685454902706 0.211688914000988 0
1685454902793 0.21534439772367478 0
1685454902875 0.2186064037680626 0
1685454902962 0.22193345487117766 0
1685454903054 0.22634371668100356 0
1685454903137 0.22921833515167236 0
1685454903230 0.23307384550571442 0
1685454903313 0.23567749440670013 0
1685454903392 0.23873722970485686 0
1685454903485 0.24266242533922194 0
1685454903565 0.24643199205398558 0
1685454903644 0.24909988641738892 0
1685454903740 0.2523340329527855 0
1685454903822 0.2554930067062378 0
1685454903913 0.2588562121987343 0
1685454904000 0.2622780680656433 0
1685454904082 0.2669485440850258 0
1685454904162 0.27082982391119004 0
1685454904271 0.27492945343256 0
1685454904352 0.2783621749281883 0
1685454904447 0.2820246475934982 0
1685454904535 0.2860391840338707 0
1685454904613 0.2896021968126297 0
1685454904701 0.2922324034571648 0
1685454904788 0.29572943300008775 0
1685454904871 0.30051837503910067 0
1685454904962 0.3039035114645958 0
1685454905047 0.3079435560107231 0
1685454905125 0.3112845432758331 0
1685454905224 0.3142409452795982 0
1685454905303 0.3163949139416218 0
1685454905382 0.319719827324152 0
1685454905475 0.3233553196489811 0
1685454905559 0.3269544018805027 0
1685454905650 0.3301419295370579 0
1685454905744 0.333024031072855 0
1685454905827 0.33670465543866157 0
1685454905908 0.3405541442334652 0
1685454906028 0.34418206587433814 0
1685454906129 0.34776958748698233 0
1685454906285 0.3511921773850918 0
1685454906382 0.3538034538924694 0
1685454906625 0.35693357691168787 0
1685454906755 0.36013460382819173 0
1685454906895 0.3625436440110207 0
1685454907007 0.36624192804098127 0
1685454907132 0.3701025560498238 0
1685454907262 0.3730596974492073 0
1685454907373 0.3769736462831497 0
1685454907519 0.38031586855649946 0
1685454907656 0.3844839712977409 0
1685454907828 0.38722135722637174 0
1685454907948 0.38997978121042254 0
1685454908091 0.39464589178562165 0
1685454908237 0.39756389081478116 0
1685454908389 0.4010661846399307 0
1685454908502 0.4040657114982605 0
1685454908625 0.406930236518383 0
1685454908769 0.41040859550237657 0
1685454908881 0.4138587084412575 0
1685454908993 0.41716023623943327 0
1685454909154 0.4197955185174942 0
1685454909291 0.4225333884358406 0
1685454909433 0.42639426708221434 0
1685454909575 0.43010551035404204 0
1685454909729 0.43261418282985686 0
1685454909839 0.4350977347791195 0
1685454909952 0.43804785385727885 0
1685454910187 0.4415564556419849 0
1685454910324 0.4436242733895779 0
1685454910453 0.44671317771077157 0
1685454910564 0.4501338754594326 0
1685454910718 0.45316457584500314 0
1685454910833 0.45627179816365243 0
1685454911008 0.45868303552269934 0
1685454911306 0.4628774918615818 0
1685454911426 0.4664438270032406 0
1685454911630 0.4703604324162006 0
1685454911738 0.47295278415083886 0
1685454911828 0.47544769316911695 0
1685454911925 0.47838997811079026 0
1685454912054 0.48154575526714327 0
1685454912203 0.48446853399276735 0
1685454912344 0.48806665539741517 0
1685454912462 0.4913795593380928 0
1685454912545 0.4942161676287651 0
1685454912627 0.49736813217401504 0
1685454912721 0.5006201046705246 0
1685454912803 0.5038292562961578 0
1685454912886 0.5067136019468308 0
1685454912968 0.5102845716476441 0
1685454913055 0.5127354365587234 0
1685454913150 0.5162235805392266 0
1685454913231 0.5196725830435753 0
1685454913312 0.5226824656128883 0
1685454913414 0.5270373210310936 0
1685454913493 0.5299372145533562 0
1685454913574 0.5329144638776779 0
1685454913668 0.5370024839043617 0
1685454913760 0.5398990139365196 0
1685454913836 0.5437845328450203 0
1685454913936 0.5468925195932388 0
1685454914019 0.5496314442157746 0
1685454914105 0.5522510600090027 0
1685454914200 0.555400784611702 0
1685454914283 0.559136591553688 0
1685454914380 0.5627214607596397 0
1685454914467 0.5658111715316773 0
1685454914553 0.5695334076881409 0
1685454914645 0.5728635200858117 0
1685454914735 0.5753650084137917 0
1685454914812 0.5784664782881737 0
1685454914907 0.5806685148179531 0
1685454914984 0.5838864098489285 0
1685454915066 0.586748923510313 0
1685454915148 0.5901821736991405 0
1685454915235 0.5928886346518993 0
1685454915319 0.5959473143517972 0
1685454915411 0.5985152439773083 0
1685454915490 0.601424972563982 0
1685454915569 0.604614247828722 0
1685454915661 0.6073798768222332 0
1685454915741 0.6110463871061802 0
1685454915823 0.6142107440531254 0
1685454915911 0.6172012548148632 0
1685454915994 0.6194256155192852 0
1685454916085 0.6225551708042621 0
1685454916173 0.6257849849760533 0
1685454916253 0.6297238503396511 0
1685454916338 0.6323209030926228 0
1685454916426 0.6358913142979145 0
1685454916506 0.639269747287035 0
1685454916590 0.6437917853891849 0
1685454916679 0.6475566540658474 0
1685454916760 0.6511697964370251 0
1685454916842 0.6544716207683087 0
1685454916927 0.6580236579477787 0
1685454917010 0.6622424213588238 0
1685454917093 0.6670241166651248 0
1685454917186 0.6697185225784779 0
1685454917268 0.6728497560322285 0
1685454917348 0.0 0
1685454917459 0.003995216190814972 0
1685454917540 0.0067470714449882506 0
1685454917632 0.009349675476551056 0
1685454917730 0.012789863049983979 0
1685454917811 0.015363589823246003 0
1685454917901 0.01917166084051132 0
1685454917987 0.021817786693572996 0
1685454918077 0.024239441603422163 0
1685454918170 0.027220556288957597 0
1685454918252 0.030375487357378005 0
1685454918332 0.034614800065755846 0
1685454918438 0.036997480243444444 0
1685454918514 0.040098439902067184 0
1685454918595 0.04384180799126625 0
1685454918684 0.046342676728963854 0
1685454918769 0.04888202592730522 0
1685454918848 0.05154007658362389 0
1685454918942 0.054248742014169696 0
1685454919021 0.057242756336927415 0
1685454919102 0.06029406979680061 0
1685454919203 0.06345226868987083 0
1685454919284 0.06737829521298408 0
1685454919369 0.07022569581866264 0
1685454919460 0.0726624445617199 0
1685454919545 0.075429258197546 0
1685454919632 0.07881084486842155 0
1685454919722 0.08167716577649116 0
1685454919808 0.08489999368786812 0
1685454919894 0.08826688781380654 0
1685454919988 0.0913126827776432 0
1685454920069 0.0947526241838932 0
1685454920156 0.09747079834342003 0
1685454920242 0.10082826688885689 0
1685454920326 0.10344405815005303 0
1685454920412 0.10585004791617393 0
1685454920499 0.10977718725800514 0
1685454920581 0.11391988769173622 0
1685454920667 0.11705605015158653 0
1685454920753 0.12044484689831733 0
1685454920837 0.12313629701733589 0
1685454920928 0.1266416783630848 0
1685454921015 0.12899957492947578 0
1685454921095 0.13185720011591912 0
1685454921184 0.13454429522156716 0
1685454921265 0.1380958877503872 0
1685454921344 0.14141403064131736 0
1685454921428 0.14446733847260476 0
1685454921512 0.14787439450621606 0
1685454921601 0.15098102256655693 0
1685454921686 0.1537322573363781 0
1685454921773 0.1565946827828884 0
1685454921864 0.15953993156552315 0
1685454921949 0.1621857227385044 0
1685454922070 0.16456113919615745 0
1685454922155 0.1673174397647381 0
1685454922266 0.17027527704834938 0
1685454922383 0.17283355936408043 0
1685454922492 0.17638832792639733 0
1685454922599 0.17842285469174385 0
1685454922680 0.18191992059350015 0
1685454922769 0.18445515409111976 0
1685454922856 0.18680325150489807 0
1685454922959 0.19023450046777726 0
1685454923039 0.19359321743249894 0
1685454923123 0.1953764596581459 0
1685454923219 0.19842210471630095 0
1685454923297 0.20206200420856477 0
1685454923380 0.20551278591156005 0
1685454923478 0.208078693151474 0
1685454923562 0.2104853293299675 0
1685454923639 0.21339284807443618 0
1685454923737 0.21679839611053467 0
1685454923823 0.21933505237102507 0
1685454923922 0.22202947556972505 0
1685454924006 0.22473927110433578 0
1685454924095 0.22824922919273377 0
1685454924178 0.23098968505859374 0
1685454924270 0.23419874489307405 0
1685454924357 0.23713012486696244 0
1685454924434 0.24016080915927887 0
1685454924513 0.24300543904304506 0
1685454924611 0.24571168899536133 0
1685454924721 0.24907455682754517 0
1685454924807 0.2525275459885597 0
1685454924886 0.25582054883241656 0
1685454924977 0.25892721861600876 0
1685454925062 0.2622879400849342 0
1685454925147 0.26576667428016665 0
1685454925243 0.26825732409954073 0
1685454925332 0.2714937469363213 0
1685454925412 0.2738376118242741 0
1685454925495 0.2779447115957737 0
1685454925593 0.28107131078839304 0
1685454925677 0.28416791930794716 0
1685454925767 0.28761171773076055 0
1685454925862 0.29072669729590417 0
1685454925944 0.2952206356823444 0
1685454926025 0.29764098435640335 0
1685454926117 0.3001634767651558 0
1685454926207 0.3025030541419983 0
1685454926305 0.30557385623455047 0
1685454926411 0.30813033431768416 0
1685454926500 0.310339222997427 0
1685454926595 0.31337779119610787 0
1685454926673 0.31773497179150584 0
1685454926759 0.3211741681396961 0
1685454926853 0.323683165460825 0
1685454926941 0.3265695659816265 0
1685454927024 0.3296746949851513 0
1685454927112 0.3344372473657131 0
1685454927197 0.33738827690482137 0
1685454927278 0.34023518845438955 0
1685454927368 0.3434884108603001 0
1685454927456 0.34636046931147574 0
1685454927534 0.3486000125110149 0
1685454927626 0.3520427025854588 0
1685454927713 0.3546473343670368 0
1685454927790 0.35718152329325675 0
1685454927878 0.3602218426764011 0
1685454927963 0.36267598778009413 0
1685454928045 0.3654904973506927 0
1685454928132 0.36818630784749984 0
1685454928222 0.3704917311668396 0
1685454928305 0.37329556822776794 0
1685454928388 0.37689948827028275 0
1685454928498 0.3800603848695755 0
1685454928621 0.38214987874031064 0
1685454928715 0.3858559814095497 0
1685454928791 0.38852383524179457 0
1685454928883 0.3920489463210106 0
1685454928967 0.3946301782131195 0
1685454929047 0.3977170652151108 0
1685454929137 0.4003641179203987 0
1685454929222 0.40368558645248415 0
1685454929311 0.4068683007359505 0
1685454929393 0.4094096428155899 0
1685454929475 0.41141538217663765 0
1685454929556 0.41529662743210793 0
1685454929640 0.4185310451686382 0
1685454929735 0.4222319231927395 0
1685454929824 0.4253872807323933 0
1685454929907 0.4289213852584362 0
1685454930008 0.4331600020825863 0
1685454930094 0.43572138652205467 0
1685454930184 0.438662201911211 0
1685454930271 0.442246859818697 0
1685454930361 0.4448722897469997 0
1685454930446 0.4477696304023266 0
1685454930527 0.45060676023364066 0
1685454930617 0.4530904991924763 0
1685454930730 0.45569764599204066 0
1685454930889 0.4589659236371517 0
1685454930983 0.4622236482799053 0
1685454931064 0.46619899913668633 0
1685454931146 0.46886065557599066 0
1685454931237 0.47265524938702586 0
1685454931322 0.47497519209980965 0
1685454931400 0.47905673369765284 0
1685454931492 0.48267783746123316 0
1685454931581 0.48504873499274254 0
1685454931661 0.4877197541296482 0
1685454931750 0.4918736432492733 0
1685454931845 0.4956887571513653 0
1685454931921 0.4982849209010601 0
1685454932010 0.5002957780659198 0
1685454932097 0.502795478105545 0
1685454932175 0.5064601975679398 0
1685454932254 0.5093260326981545 0
1685454932337 0.5125240588188171 0
1685454932427 0.5151840680837632 0
1685454932503 0.5192431768774987 0
1685454932591 0.522303675711155 0
1685454932677 0.5244358566403389 0
1685454932759 0.5273862513899803 0
1685454932850 0.5308844017982483 0
1685454932941 0.5332106605172158 0
1685454933020 0.5365772092342377 0
1685454933108 0.5385011422634125 0
1685454933198 0.541971620619297 0
1685454933280 0.5453380739688873 0
1685454933371 0.5482483598589897 0
1685454933460 0.5512563189864159 0
1685454933535 0.5539284080266953 0
1685454933628 0.5572398167848587 0
1685454933718 0.5600698465108871 0
1685454933800 0.5641499751806259 0
1685454933893 0.5667192253470421 0
1685454933983 0.5702681535482407 0
1685454934063 0.5732813879847527 0
1685454934148 0.5761015662550926 0
1685454934232 0.5785807839035988 0
1685454934313 0.5810109168291092 0
1685454934408 0.5831523637473583 0
1685454934492 0.5857053889334202 0
1685454934575 0.5872959053516388 0
1685454934659 0.5908765387535095 0
1685454934741 0.5935812243819236 0
1685454934828 0.59710708796978 0
1685454934914 0.5998269128799438 0
1685454934993 0.0 0
1685454935077 0.002679065763950348 0
1685454935161 0.005357793271541595 0
1685454935242 0.008468184173107147 0
1685454935326 0.011520558893680572 0
1685454935416 0.014382832646369935 0
1685454935497 0.016900984942913054 0
1685454935586 0.02036893129348755 0
1685454935672 0.0224298794567585 0
1685454935837 0.02470145121216774 0
1685454935928 0.027811353951692583 0
1685454936015 0.029713841527700423 0
1685454936108 0.0324555729329586 0
1685454936195 0.0349079841375351 0
1685454936275 0.03733877122402191 0
1685454936368 0.040116037726402286 0
1685454936461 0.04241043925285339 0
1685454936544 0.045752514898777005 0
1685454936634 0.04870697110891342 0
1685454936719 0.05245744526386261 0
1685454936805 0.05599770992994309 0
1685454936895 0.058063197284936904 0
1685454936985 0.060509271919727325 0
1685454937065 0.06269698485732078 0
1685454937149 0.06564770117402077 0
1685454937231 0.06778599813580513 0
1685454937313 0.07098630264401436 0
1685454937398 0.07409629508852959 0
1685454937480 0.07762479707598686 0
1685454937561 0.07980519488453865 0
1685454937646 0.08173545897006988 0
1685454937731 0.0848617371916771 0
1685454937809 0.08857575386762619 0
1685454937902 0.09054674550890923 0
1685454937984 0.0937159575521946 0
1685454938063 0.09637490645051003 0
1685454938155 0.10026508525013923 0
1685454938237 0.10405318453907966 0
1685454938318 0.10733922198414803 0
1685454938399 0.11059893444180488 0
1685454938482 0.1132315231859684 0
1685454938564 0.11584042891860008 0
1685454938652 0.11924657985568046 0
1685454938736 0.12145597115159035 0
1685454938817 0.12446872904896736 0
1685454938907 0.12759508714079856 0
1685454938990 0.13081933572888374 0
1685454939073 0.13367235407233238 0
1685454939160 0.13580215275287627 0
1685454939243 0.1380596140027046 0
1685454939323 0.14085423886775972 0
1685454939412 0.14358031272888183 0
1685454939494 0.14550881639122962 0
1685454939573 0.14815051838755608 0
1685454939660 0.15138799116015433 0
1685454939747 0.1541673095524311 0
1685454939830 0.15618841633200645 0
1685454939916 0.1590746633708477 0
1685454939998 0.16110339209437372 0
1685454940083 0.16364524349570275 0
1685454940169 0.16689668700098992 0
1685454940249 0.1693673375248909 0
1685454940345 0.17160182774066926 0
1685454940459 0.1744265365600586 0
1685454940557 0.1771216943860054 0
1685454940668 0.1796697735786438 0
1685454940770 0.18135047271847726 0
1685454940879 0.18377536535263062 0
1685454940966 0.1862843495607376 0
1685454941056 0.1892770105600357 0
1685454941147 0.19171150162816047 0
1685454941234 0.19464067593216897 0
1685454941321 0.19755479112267493 0
1685454941399 0.20008202776312828 0
1685454941483 0.20343059852719306 0
1685454941613 0.20590258583426477 0
1685454941720 0.20848533734679223 0
1685454941799 0.21100363090634347 0
1685454941896 0.21311072126030922 0
1685454941980 0.21625945046544076 0
1685454942058 0.21911763682961463 0
1685454942148 0.2219832046329975 0
1685454942230 0.22519549503922462 0
1685454942307 0.22707489162683486 0
1685454942394 0.23000341176986694 0
1685454942483 0.23357190787792206 0
1685454942565 0.2371449962258339 0
1685454942648 0.2402861911058426 0
1685454942741 0.24265776574611664 0
1685454942822 0.24624655067920684 0
1685454942904 0.24911948621273042 0
1685454942993 0.2512092962861061 0
1685454943080 0.2532332284748554 0
1685454943173 0.2557747440040112 0
1685454943251 0.25854306772351265 0
1685454943332 0.26042569532990456 0
1685454943411 0.26296417132019995 0
1685454943496 0.265854938775301 0
1685454943577 0.2690449742972851 0
1685454943664 0.2716060282289982 0
1685454943759 0.2746995221078396 0
1685454943842 0.27736268684267995 0
1685454943927 0.27994162574410436 0
1685454944006 0.2837123866379261 0
1685454944086 0.28699649825692175 0
1685454944172 0.29074384286999705 0
1685454944253 0.29249142199754713 0
1685454944340 0.2953071543574333 0
1685454944427 0.29883345305919645 0
1685454944504 0.30197185158729556 0
1685454944589 0.30468706905841825 0
1685454944678 0.30732827603816987 0
1685454944761 0.3099311158061028 0
1685454944851 0.3128926232457161 0
1685454944941 0.31626256823539733 0
1685454945018 0.31839973002672195 0
1685454945105 0.32013210743665693 0
1685454945187 0.3224901996552944 0
1685454945270 0.3254258517920971 0
1685454945354 0.32851088896393776 0
1685454945440 0.33219621881842615 0
1685454945523 0.33442906230688096 0
1685454945614 0.33716454297304155 0
1685454945703 0.34009401470422745 0
1685454945783 0.3433073815703392 0
1685454945873 0.3459946006536484 0
1685454945962 0.34835527583956716 0
1685454946045 0.3516042576730251 0
1685454946135 0.3545724947750568 0
1685454946225 0.3579925839602947 0
1685454946305 0.36145669177174566 0
1685454946400 0.3656392319500446 0
1685454946491 0.36829207941889763 0
1685454946571 0.3710807739198208 0
1685454946660 0.37415050849318504 0
1685454946747 0.3768774996697903 0
1685454946830 0.38062460407614707 0
1685454946921 0.38342932775616645 0
1685454946999 0.38726119622588157 0
1685454947080 0.38953999876976014 0
1685454947167 0.39262075632810595 0
1685454947249 0.39544544905424117 0
1685454947329 0.39797266900539396 0
1685454947423 0.4005911621451378 0
1685454947503 0.4025671727955341 0
1685454947588 0.40589209243655205 0
1685454947671 0.40816938698291777 0
1685454947757 0.4114757573604584 0
1685454947832 0.41349736973643303 0
1685454947920 0.4168383638560772 0
1685454948009 0.42050433680415156 0
1685454948083 0.4235656930506229 0
1685454948168 0.4257491445541382 0
1685454948254 0.42834931522607805 0
1685454948335 0.4318497523665428 0
1685454948425 0.43428225472569465 0
1685454948504 0.4378343467414379 0
1685454948590 0.44008958637714385 0
1685454948673 0.4437402549386025 0
1685454948758 0.44635895937681197 0
1685454948836 0.44930756837129593 0
1685454948929 0.4522796446084976 0
1685454949009 0.45441367402672767 0
1685454949086 0.45701618179678916 0
1685454949176 0.45941767022013663 0
1685454949260 0.4623631431162357 0
1685454949343 0.4661671178042889 0
1685454949436 0.4690395744144917 0
1685454949519 0.4714678719639778 0
1685454949602 0.47370629116892815 0
1685454949685 0.4765507452189922 0
1685454949764 0.4788673719763756 0
1685454949844 0.48109602347016334 0
1685454949928 0.48292297482490537 0
1685454950015 0.48633156388998033 0
1685454950102 0.48819025069475175 0
1685454950185 0.49155700117349627 0
1685454950268 0.4939944311976433 0
1685454950351 0.4963337725400925 0
1685454950443 0.500859540104866 0
1685454950524 0.5035062816739082 0
1685454950607 0.5062195631861687 0
1685454950690 0.5091009590029717 0
1685454950771 0.5118933144211769 0
1685454950856 0.5144396510720253 0
1685454950944 0.5172220566868782 0
1685454951094 0.5197137609124184 0
1685454951184 0.5217062568664551 0
1685454951265 0.5238556988537312 0
1685454951345 0.5262923254072667 0
1685454951475 0.5283396139740943 0
1685454951557 0.5314922267198563 0
1685454951642 0.5342393866181374 0
1685454951733 0.5369188103079796 0
1685454951810 0.5385889892280101 0
1685454951895 0.5412675540149212 0
1685454951987 0.5440233437716961 0
1685454952066 0.5458941279351711 0
1685454952148 0.5487061168253422 0
1685454952238 0.5509095588326454 0
1685454952310 0.0 0
1685454952411 0.002868131697177887 0
1685454952500 0.005736398100852966 0
1685454952592 0.008132079392671585 0
1685454952668 0.011862946301698684 0
1685454952757 0.014897416085004807 0
1685454952845 0.01640356481075287 0
1685454952923 0.018878184407949448 0
1685454953005 0.02264427199959755 0
1685454953093 0.02569617435336113 0
1685454953180 0.0286316879093647 0
1685454953264 0.032105482369661334 0
1685454953354 0.0347828771173954 0
1685454953450 0.03703161120414734 0
1685454953527 0.03970513075590134 0
1685454953631 0.04294358879327774 0
1685454953738 0.0456083944439888 0
1685454953847 0.04869906276464462 0
1685454953992 0.05031142145395279 0
1685454954085 0.05217533215880394 0
1685454954182 0.054656290113925934 0
1685454954271 0.05735401958227158 0
1685454954357 0.06053266286849976 0
1685454954444 0.0627641861140728 0
1685454954529 0.06525459676980973 0
1685454954617 0.06805878728628159 0
1685454954704 0.07116456151008606 0
1685454954781 0.07414078533649444 0
1685454954866 0.07691943049430847 0
1685454954957 0.078615732640028 0
1685454955122 0.08047911927103996 0
1685454955214 0.08269296333193779 0
1685454955290 0.08629596814513206 0
1685454955373 0.08950562790036201 0
1685454955461 0.09253825828433036 0
1685454955538 0.09486376270651817 0
1685454955620 0.09800221875309945 0
1685454955713 0.10072578355669976 0
1685454955794 0.10287186160683631 0
1685454955878 0.10534658074378968 0
1685454955967 0.10754594281315803 0
1685454956048 0.11085835173726082 0
1685454956133 0.1133289559185505 0
1685454956225 0.11616156324744224 0
1685454956303 0.11823434293270112 0
1685454956392 0.12071635395288467 0
1685454956484 0.12261945739388466 0
1685454956565 0.12452297404408455 0
1685454956659 0.12722161278128624 0
1685454956754 0.12949253231287003 0
1685454956838 0.13142711773514748 0
1685454956928 0.13506926998496055 0
1685454957012 0.13788290485739707 0
1685454957093 0.14056900277733803 0
1685454957191 0.14306262701749803 0
1685454957278 0.14530646726489066 0
1685454957362 0.14817248091101645 0
1685454957449 0.15104790434241294 0
1685454957534 0.153871603757143 0
1685454957618 0.15612270668148995 0
1685454957701 0.1594883544743061 0
1685454957785 0.162366396933794 0
1685454957869 0.16562107726931571 0
1685454957964 0.1678811079263687 0
1685454958043 0.16976823583245276 0
1685454958126 0.1731894586980343 0
1685454958237 0.17537894889712333 0
1685454958354 0.1772625455260277 0
1685454958444 0.1798652794957161 0
1685454958526 0.18362277895212173 0
1685454958609 0.18614282160997392 0
1685454958776 0.1884015592932701 0
1685454958856 0.19079606994986534 0
1685454958946 0.19400577679276465 0
1685454959029 0.19675939098000528 0
1685454959110 0.20015180006623268 0
1685454959203 0.20187356993556022 0
1685454959279 0.2040321034193039 0
1685454959360 0.2060828298330307 0
1685454959449 0.20922052323818208 0
1685454959531 0.21177651852369309 0
1685454959614 0.21459580540657044 0
1685454959704 0.21721816718578338 0
1685454959786 0.21985065519809724 0
1685454959872 0.221601449996233 0
1685454959962 0.22362447068095206 0
1685454960042 0.22612936213612556 0
1685454960128 0.22832149580121042 0
1685454960218 0.23118592515587807 0
1685454960297 0.23320933431386948 0
1685454960381 0.2353537204861641 0
1685454960464 0.23815005123615265 0
1685454960540 0.2406126654148102 0
1685454960624 0.2430647024512291 0
1685454960702 0.2453729934990406 0
1685454960799 0.24714252457022667 0
1685454960893 0.24927255645394325 0
1685454960987 0.25183854773640635 0
1685454961065 0.2538328740000725 0
1685454961157 0.2555136676132679 0
1685454961249 0.2583335043489933 0
1685454961332 0.261051622480154 0
1685454961423 0.2638742549717426 0
1685454961516 0.2669589300453663 0
1685454961597 0.26950679495930674 0
1685454961689 0.27172363698482516 0
1685454961773 0.2749429708719254 0
1685454961854 0.2772808463871479 0
1685454961939 0.27901425153017045 0
1685454962026 0.28152011692523954 0
1685454962109 0.28486823201179506 0
1685454962195 0.28733788028359414 0
1685454962280 0.2895264883339405 0
1685454962365 0.292195353358984 0
1685454962459 0.29580088004469873 0
1685454962536 0.2981943342089653 0
1685454962622 0.30126517951488496 0
1685454962721 0.3039392700791359 0
1685454962801 0.30661710023880007 0
1685454962888 0.3092020559310913 0
1685454962977 0.31095915094017984 0
1685454963061 0.31330242708325384 0
1685454963145 0.3164053301513195 0
1685454963236 0.318933027535677 0
1685454963316 0.3215635807812214 0
1685454963397 0.3236224228143692 0
1685454963490 0.32593113675713536 0
1685454963568 0.3281696639955044 0
1685454963659 0.3308871002495289 0
1685454963757 0.33298070549964903 0
1685454963843 0.33546181544661524 0
1685454963936 0.3377291616797447 0
1685454964020 0.34067307621240617 0
1685454964100 0.3438036724925041 0
1685454964189 0.34723638027906417 0
1685454964274 0.35096288412809373 0
1685454964353 0.3534578740596771 0
1685454964442 0.3560971710085869 0
1685454964510 0.3584990419447422 0
