1685455029823 0.011643685102462768 0
1685455029913 0.023160141706466675 0
1685455030087 0.03471008539199829 0
1685455030290 0.04626159071922302 0
1685455030518 0.05776382803916931 0
1685455030895 0.0692961299419403 0
1685455031397 0.08084057807922364 0
1685455031628 0.09230965137481689 0
1685455031756 0.10376903891563416 0
1685455031871 0.11517101287841797 0
1685455031980 0.12653515934944154 0
1685455032099 0.13791473031044008 0
1685455032226 0.14923473000526427 0
1685455032316 0.16059599161148072 0
1685455032454 0.17187970042228698 0
1685455032555 0.18319086313247682 0
1685455032661 0.19451169729232787 0
1685455032800 0.20583471775054932 0
1685455032894 0.21710448265075682 0
1685455033202 0.22833356261253357 0
1685455033633 0.23965360164642335 0
1685455033731 0.25082444787025454 0
1685455033841 0.2618957233428955 0
1685455033931 0.2729714632034302 0
1685455034074 0.2840508544445038 0
1685455034153 0.2950962853431702 0
1685455034236 0.306103515625 0
1685455034324 0.3170251381397247 0
1685455034403 0.3279805600643158 0
1685455034489 0.3388590669631958 0
1685455034579 0.3497150981426239 0
1685455034661 0.3606031000614166 0
1685455034753 0.37143960237503054 0
1685455034838 0.3824328601360321 0
1685455034922 0.39341968536376953 0
1685455035080 0.40430055022239686 0
1685455035187 0.41526891946792605 0
1685455035278 0.4259231388568878 0
1685455035367 0.43668850541114806 0
1685455035452 0.44720495462417603 0
1685455035537 0.4576880884170532 0
1685455035627 0.468281033039093 0
1685455035715 0.4789728438854218 0
1685455035798 0.4893495190143585 0
1685455035878 0.4998342859745026 0
1685455035962 0.510491281747818 0
1685455036044 0.5207292306423187 0
1685455036132 0.5311016893386841 0
1685455036213 0.5414250886440277 0
1685455036298 0.5516710317134857 0
1685455036381 0.5618386352062226 0
1685455036465 0.57195059299469 0
1685455036550 0.582160406112671 0
1685455036638 0.5922769343852997 0
1685455036727 0.6024249804019928 0
1685455036806 0.6121797913312912 0
1685455036894 0.6222619086503982 0
1685455036973 0.6322697514295578 0
1685455037078 0.6421668076515198 0
1685455037173 0.6523064923286438 0
1685455037285 0.6619686025381089 0
1685455037407 0.6717910939455032 0
1685455037491 0.6816085135936737 0
1685455037574 0.691420721411705 0
1685455037657 0.7012153220176697 0
1685455037750 0.7108430886268615 0
1685455037835 0.7201093369722367 0
1685455037918 0.7297611856460571 0
1685455038007 0.739260094165802 0
1685455038093 0.7487285393476486 0
1685455038173 0.7582020753622055 0
1685455038266 0.7677382016181946 0
1685455038354 0.777044061422348 0
1685455038439 0.7864199924468994 0
1685455038535 0.795607157945633 0
1685455038624 0.8045438820123673 0
1685455038702 0.8137610965967178 0
1685455038787 0.8226597076654434 0
1685455038876 0.8319028139114379 0
1685455038962 0.8409200447797776 0
1685455039048 0.8496735495328903 0
1685455039135 0.8581218653917313 0
1685455039222 0.8664973944425582 0
1685455039304 0.8754126638174057 0
1685455039388 0.8839296144247055 0
1685455039473 0.8924789637327194 0
1685455039554 0.9006461435556412 0
1685455039639 0.9088347899913788 0
1685455039729 0.9168376159667969 0
1685455039809 0.9249663066864013 0
1685455039888 0.9333205735683441 0
1685455039968 0.9416972517967224 0
1685455040056 0.9495122915506363 0
1685455040143 0.9575189453363419 0
1685455040225 0.9656630027294159 0
1685455040310 0.9733508408069611 0
1685455040392 0.981278938651085 0
1685455040477 0.9883362782001496 0
1685455040561 0.9964074289798737 0
1685455040639 1.0039699763059615 0
1685455040724 1.0117370611429215 0
1685455040857 1.019066842198372 0
1685455040935 1.02638228058815 0
1685455041027 1.0338238716125487 0
1685455041114 1.0406865912675858 0
1685455041193 1.04790500998497 0
1685455041281 1.0558653622865677 0
1685455041367 1.062605631351471 0
1685455041451 1.069128452539444 0
1685455041531 1.0760982662439347 0
1685455041631 1.083592973947525 0
1685455041710 1.0906489980220795 0
1685455041791 1.0973371708393096 0
1685455041878 1.104360033273697 0
1685455041954 1.1108528506755828 0
1685455042036 1.1168214058876038 0
1685455042124 1.1232928431034088 0
1685455042202 1.1295736670494079 0
1685455042293 1.1362114888429642 0
1685455042380 1.142286919951439 0
1685455042462 1.1488258856534959 0
1685455042546 1.1554258346557618 0
1685455042629 1.1610698652267457 0
1685455042743 1.1671091902256012 0
1685455042828 1.1737188249826431 0
1685455042906 1.1795432233810426 0
1685455042998 1.1866118967533112 0
1685455043082 1.1919220191240312 0
1685455043159 1.1974083733558656 0
1685455043255 1.2031372249126435 0
1685455043339 1.2092589378356933 0
1685455043426 1.2144615173339843 0
1685455043513 1.2196183878183364 0
1685455043602 1.2256116026639938 0
1685455043676 1.23126085460186 0
1685455043766 1.2367426592111588 0
1685455043857 1.2426464873552323 0
1685455043938 1.2485099691152572 0
1685455044027 1.2541299253702163 0
1685455044117 1.2589210450649262 0
1685455044200 1.2642096412181854 0
1685455044288 1.2694104570150375 0
1685455044373 1.2750116568803787 0
1685455044456 1.2804562836885451 0
1685455044548 1.2851191192865372 0
1685455044636 1.2910184174776078 0
1685455044717 1.2961875009536743 0
1685455044800 1.3006560003757477 0
1685455044883 1.3056927782297134 0
1685455044960 1.3107626420259475 0
1685455045047 1.316010103225708 0
1685455045135 1.3209728163480758 0
1685455045219 1.3264473122358322 0
1685455045304 1.33217340528965 0
1685455045387 1.3367938748002053 0
1685455045466 1.3420679494738579 0
1685455045554 1.346718102991581 0
1685455045637 1.3523034527897835 0
1685455045726 1.3572643995285034 0
1685455045800 1.3623211419582366 0
1685455045881 1.3670038557052613 0
1685455045962 1.371589576303959 0
1685455046042 1.375950579047203 0
1685455046126 1.3799599248170853 0
1685455046207 1.3854977029561997 0
1685455046289 1.3906885534524918 0
1685455046377 1.3945774036645888 0
1685455046455 1.399017407000065 0
1685455046538 1.403634564578533 0
1685455046627 1.4088662925362587 0
1685455046703 1.4136093598604202 0
1685455046789 1.4186115652322768 0
1685455046877 1.4238677138090134 0
1685455046953 1.4283620753884316 0
1685455047037 1.4332031407952308 0
1685455047134 1.4375216960906982 0
1685455047234 1.4417236936092377 0
1685455047341 1.4459979245066643 0
1685455047437 1.4499509644508362 0
1685455047536 1.454140774011612 0
1685455047625 1.4586803910136223 0
1685455047709 1.4627798438072204 0
1685455047802 1.4667320850491523 0
1685455047881 1.4707346019148826 0
1685455047960 1.4750870183110236 0
1685455048046 1.4790235444903375 0
1685455048124 1.4828198859095574 0
1685455048203 1.4878292980790138 0
1685455048291 1.4922264477610587 0
1685455048370 1.496376826763153 0
1685455048447 1.5008057788014413 0
1685455048545 1.5040709087252617 0
1685455048621 1.5085829243063926 0
1685455048700 1.5128100249171257 0
1685455048786 1.5164499926567077 0
1685455048866 1.5207312044501304 0
1685455048945 1.5249316474795342 0
1685455049035 1.5286244356632233 0
1685455049209 1.532169218659401 0
1685455049297 0.0 0
1685455049382 0.004035190045833588 0
1685455049462 0.009001530408859253 0
1685455049546 0.012822645008563996 0
1685455049624 0.017688483893871308 0
1685455049712 0.022266232073307038 0
1685455049797 0.02692084163427353 0
1685455049874 0.031246060431003572 0
1685455049961 0.035007330477237704 0
1685455050045 0.04035181552171707 0
1685455050125 0.04444487035274505 0
1685455050204 0.047805064618587495 0
1685455050290 0.051794681251049045 0
1685455050381 0.05680641144514084 0
1685455050457 0.060589153170585636 0
1685455050550 0.06393217146396638 0
1685455050629 0.06755061596632003 0
1685455050712 0.07186493515968323 0
1685455050817 0.07580307364463806 0
1685455050897 0.08015657752752305 0
1685455050983 0.0844910454750061 0
1685455051071 0.08882521569728852 0
1685455051149 0.09253721296787262 0
1685455051237 0.09770930111408234 0
1685455051319 0.10195240259170532 0
1685455051396 0.1057874557375908 0
1685455051479 0.10993086099624634 0
1685455051599 0.11430861324071884 0
1685455051676 0.11774723529815674 0
1685455051837 0.12064062058925629 0
1685455052092 0.12382582157850265 0
1685455052279 0.1273498097062111 0
1685455052432 0.12999075204133986 0
1685455052525 0.13374818563461305 0
1685455052628 0.1371270090341568 0
1685455052735 0.1406338569521904 0
1685455052828 0.14430473148822784 0
1685455052905 0.14792703062295914 0
1685455052999 0.15161239326000214 0
1685455053085 0.15486061185598374 0
1685455053165 0.15853089332580567 0
1685455053255 0.16251248896121978 0
1685455053347 0.16633127272129059 0
1685455053428 0.17014672309160234 0
1685455053572 0.17336632549762726 0
1685455053683 0.17749806702136994 0
1685455053828 0.18152507722377778 0
1685455053907 0.18600838869810105 0
1685455053998 0.18958319902420043 0
1685455054087 0.19279842644929887 0
1685455054164 0.19729630261659623 0
1685455054254 0.20075778633356095 0
1685455054339 0.2053214555978775 0
1685455054420 0.20992596089839935 0
1685455054507 0.21318830341100692 0
1685455054594 0.2172653004527092 0
1685455054671 0.22052030742168427 0
1685455054758 0.2251947522163391 0
1685455054847 0.22833200186491012 0
1685455054928 0.23198117792606354 0
1685455055016 0.23603480488061904 0
1685455055104 0.2394784328341484 0
1685455055182 0.24327151387929916 0
1685455055274 0.24754999101161956 0
1685455055364 0.25126387417316437 0
1685455055450 0.25615133851766586 0
1685455055541 0.2606598016619682 0
1685455055625 0.2641026309132576 0
1685455055709 0.26803558468818667 0
1685455055826 0.2724026626348495 0
1685455055909 0.276764290034771 0
1685455056039 0.28024398773908615 0
1685455056234 0.2844998550415039 0
1685455056375 0.28772310256958006 0
1685455056501 0.2908423203229904 0
1685455056621 0.29395805180072787 0
1685455056755 0.2973700824379921 0
1685455056893 0.30085703551769255 0
1685455057021 0.3039824786782265 0
1685455057125 0.3079554009437561 0
1685455057239 0.31125892519950865 0
1685455057372 0.31492340058088303 0
1685455057544 0.3185327047109604 0
1685455057742 0.32262876749038694 0
1685455057944 0.3260143214464188 0
1685455058133 0.3290534174442291 0
1685455058454 0.33252243071794507 0
1685455058731 0.3358644738793373 0
1685455059071 0.3388227641582489 0
1685455059279 0.34318153649568556 0
1685455059461 0.34599545419216154 0
1685455059631 0.3498708888888359 0
1685455059756 0.3530904161930084 0
1685455059907 0.3570074388384819 0
1685455060106 0.35998413324356077 0
1685455060338 0.3631185793876648 0
1685455060497 0.36597515404224396 0
1685455060633 0.36930262625217436 0
1685455060727 0.37195811986923216 0
1685455060859 0.37513659328222276 0
1685455060974 0.37872000485658647 0
1685455061088 0.3823335137963295 0
1685455061225 0.385069560110569 0
1685455061330 0.38793289989233015 0
1685455061438 0.39081393748521803 0
1685455061567 0.39441396325826644 0
1685455061738 0.398890081346035 0
1685455061926 0.4016414600610733 0
1685455062078 0.4062965393066406 0
1685455062234 0.4098105263710022 0
1685455062342 0.4144388836622238 0
1685455062477 0.4194227764010429 0
1685455062584 0.42203715980052947 0
1685455062682 0.4255334383249283 0
1685455062827 0.4287184926867485 0
1685455062920 0.43291069149971007 0
1685455063013 0.43605143815279007 0
1685455063116 0.43987840801477435 0
1685455063247 0.44355129301548 0
1685455063355 0.4471165627241135 0
1685455063491 0.450411876142025 0
1685455063598 0.45353551357984545 0
1685455063700 0.4575760704278946 0
1685455063830 0.4609001240134239 0
1685455063940 0.464394297003746 0
1685455064046 0.4676306661963463 0
1685455064188 0.47111021250486373 0
1685455064288 0.47408595860004427 0
1685455064388 0.47751215010881426 0
1685455064578 0.48167496263980863 0
1685455064654 0.4853010466694832 0
1685455064741 0.4888094076514244 0
1685455064836 0.4923232901096344 0
1685455064915 0.49602800905704497 0
1685455064994 0.49868917524814604 0
1685455065078 0.5020271828770637 0
1685455065164 0.5053497606515884 0
1685455065247 0.5082413598895072 0
1685455065330 0.5110258033871651 0
1685455065422 0.5142687547206879 0
1685455065509 0.517311869263649 0
1685455065590 0.5203797233104706 0
1685455065676 0.5230956417322159 0
1685455065769 0.527154628932476 0
1685455065848 0.5301993325352669 0
1685455065931 0.53329730540514 0
1685455066013 0.5366503953933716 0
1685455066094 0.5396079844236374 0
1685455066174 0.5423333540558815 0
1685455066252 0.5457474556565285 0
1685455066335 0.5492407494783401 0
1685455066432 0.5523195576667785 0
1685455066597 0.5555786979198456 0
1685455066687 0.5587800332903862 0
1685455066774 0.5624412247538566 0
1685455066853 0.5670669722557068 0
1685455066931 0.5714130121469497 0
1685455067012 0.5749903592467308 0
1685455067095 0.5791127428412437 0
1685455067175 0.5830412212014199 0
1685455067261 0.5861903712153435 0
1685455067347 0.5901336100697517 0
1685455067431 0.5923216086626053 0
1685455067515 0.5951911357045173 0
1685455067601 0.5986091583967209 0
1685455067702 0.6017537024617196 0
1685455067785 0.6056774851679801 0
1685455067868 0.6087341636419297 0
1685455067951 0.6114215430617332 0
1685455068036 0.6146108958125115 0
1685455068117 0.617978744506836 0
1685455068197 0.6204359632730484 0
1685455068277 0.6242736107110978 0
1685455068357 0.6267895820736885 0
1685455068434 0.630797789990902 0
1685455068517 0.6340553322434426 0
1685455068600 0.6365774405002594 0
1685455068686 0.6410219985246658 0
1685455068770 0.6442315804958344 0
1685455068851 0.6482946652173996 0
1685455068929 0.650773779898882 0
1685455069006 0.653552501052618 0
1685455069085 0.6566935236752033 0
1685455069170 0.6596089850366116 0
1685455069248 0.6627408181130886 0
1685455069327 0.6648763246834278 0
1685455069414 0.6694430477917195 0
1685455069522 0.6744453544914722 0
1685455069597 0.6772900365293026 0
1685455069716 0.6806578882038593 0
1685455069803 0.6838609771430493 0
1685455069892 0.6878586737811565 0
1685455069985 0.6909641955792903 0
1685455070073 0.6942205263674259 0
1685455070181 0.6974562941491604 0
1685455070275 0.7003311862051487 0
1685455070352 0.7030217365920544 0
1685455070482 0.7059656654298305 0
1685455070566 0.7089391322433949 0
1685455070664 0.7126111789047718 0
1685455070774 0.0 0
1685455070860 0.003114498853683472 0
1685455070963 0.006246753036975861 0
1685455071071 0.009418715238571167 0
1685455071153 0.013775089979171753 0
1685455071265 0.017022697329521178 0
1685455071371 0.01949726790189743 0
1685455071463 0.02290024608373642 0
1685455071561 0.02681285619735718 0
1685455071666 0.029644436836242676 0
1685455071742 0.032121948301792144 0
1685455071853 0.03478535771369934 0
1685455071955 0.03791617304086685 0
1685455072030 0.04084870308637619 0
1685455072110 0.04335572361946106 0
1685455072186 0.046955300271511076 0
1685455072264 0.05068937867879868 0
1685455072343 0.054392853379249574 0
1685455072431 0.05713557630777359 0
1685455072524 0.060560196936130524 0
1685455072604 0.06437232702970505 0
1685455072684 0.06684290528297425 0
1685455072762 0.06967869818210602 0
1685455072842 0.0736772906780243 0
1685455072925 0.07666953742504119 0
1685455073002 0.08047797560691833 0
1685455073083 0.08421363592147828 0
1685455073185 0.08786919623613358 0
1685455073263 0.08974956452846528 0
1685455073346 0.09283663123846055 0
1685455073425 0.09588293462991715 0
1685455073502 0.09852822810411453 0
1685455073581 0.1025691071152687 0
1685455073663 0.10542588591575623 0
1685455073748 0.10764303907752037 0
1685455073826 0.11060791924595832 0
1685455073906 0.11342159822583199 0
1685455073984 0.11632032617926598 0
1685455074067 0.11927376255393028 0
1685455074147 0.1232466571033001 0
1685455074228 0.1266651739180088 0
1685455074308 0.1293259371817112 0
1685455074394 0.13188109442591667 0
1685455074475 0.13529923155903817 0
1685455074558 0.1386968620121479 0
1685455074638 0.14157462880015373 0
1685455074723 0.14411065682768823 0
1685455074805 0.14755667313933374 0
1685455074884 0.15036154344677924 0
1685455074954 0.15327414229512215 0
1685455075033 0.15598650261759758 0
1685455075111 0.15848133593797684 0
1685455075190 0.1610500168800354 0
1685455075272 0.1635911402106285 0
1685455075369 0.16557948976755144 0
1685455075478 0.1685762831568718 0
1685455075572 0.17218075662851334 0
1685455075653 0.1749454551935196 0
1685455075769 0.17798397034406663 0
1685455075874 0.18136725217103958 0
1685455075954 0.18360280022025108 0
1685455076049 0.18708597078919412 0
1685455076145 0.19086644425988197 0
1685455076249 0.19234769880771638 0
1685455076348 0.19560701102018357 0
1685455076452 0.19918392956256867 0
1685455076537 0.20253924489021302 0
1685455076637 0.2048662306368351 0
1685455076751 0.2080760519206524 0
1685455076841 0.21112300351262092 0
1685455076954 0.21388281181454658 0
1685455077055 0.21697329953312874 0
1685455077141 0.21977636769413947 0
1685455077246 0.2223354022204876 0
1685455077330 0.2267778067290783 0
1685455077437 0.22983536943793298 0
1685455077522 0.2333152936398983 0
1685455077625 0.23648301705718042 0
1685455077738 0.2403189517557621 0
1685455077843 0.24415061220526696 0
1685455077950 0.24655246198177339 0
1685455078045 0.24910107463598252 0
1685455078158 0.25265973299741745 0
1685455078244 0.25485022574663163 0
1685455078328 0.25754770904779434 0
1685455078432 0.2602643343806267 0
1685455078513 0.26341075539588926 0
1685455078619 0.266906840801239 0
1685455078726 0.2703458648920059 0
1685455078823 0.27331713259220125 0
1685455078928 0.27659765422344207 0
1685455079029 0.27906341671943663 0
1685455079137 0.28194519609212876 0
1685455079224 0.28495577663183214 0
1685455079323 0.2877307477593422 0
1685455079435 0.29084705740213396 0
1685455079542 0.2930866342782974 0
1685455079655 0.2959999680519104 0
1685455079766 0.2994756907224655 0
1685455079869 0.3025242877006531 0
1685455079980 0.30597043842077254 0
1685455080082 0.3090917798876762 0
1685455080250 0.3121796563267708 0
1685455080407 0.3149353212118149 0
1685455080554 0.31834317356348035 0
1685455080665 0.32166431784629823 0
1685455080793 0.3250073438882828 0
1685455080878 0.3281051915884018 0
1685455080969 0.3303304126858711 0
1685455081076 0.33363712787628175 0
1685455081157 0.33649257600307464 0
1685455081264 0.339409658908844 0
1685455081370 0.34181952744722366 0
1685455081469 0.3451515105366707 0
1685455081572 0.3477403196692467 0
1685455081675 0.35143853634595873 0
1685455081785 0.3543993952870369 0
1685455081898 0.35699412375688555 0
1685455082102 0.3599317467212677 0
1685455082201 0.36257782876491546 0
1685455082291 0.3651626005768776 0
1685455082400 0.36765688702464105 0
1685455082498 0.37022092029452325 0
1685455082607 0.3725410370528698 0
1685455082701 0.3754491539299488 0
1685455082808 0.3783574940264225 0
1685455082911 0.3807286985218525 0
1685455083009 0.3836029450595379 0
1685455083112 0.38652090266346933 0
1685455083198 0.3888559365272522 0
1685455083283 0.3914890217781067 0
1685455083367 0.39408895909786223 0
1685455083451 0.3977926540374756 0
1685455083534 0.400505630671978 0
1685455083625 0.40351699680089953 0
1685455083726 0.4068565681576729 0
1685455083824 0.4093981111049652 0
1685455083905 0.4117040334641933 0
1685455083990 0.41456416353583336 0
1685455084071 0.4168519513309002 0
1685455084153 0.4197767485678196 0
1685455084232 0.4221580477058888 0
1685455084312 0.42497788920998575 0
1685455084389 0.42708073303103444 0
1685455084469 0.4304986135661602 0
1685455084548 0.433632850497961 0
1685455084630 0.4360813204944134 0
1685455084716 0.4395367242395878 0
1685455084797 0.44150895938277246 0
1685455084881 0.4450502939522266 0
1685455084992 0.4484226043522358 0
1685455085107 0.4509837879240513 0
1685455085241 0.454119366556406 0
1685455085411 0.4574749784171581 0
1685455085510 0.46132477626204493 0
1685455085604 0.4631715112924576 0
1685455085710 0.46666101276874544 0
1685455085797 0.46885828375816346 0
1685455085880 0.47147524923086165 0
1685455085964 0.4737486766278744 0
1685455086046 0.47612778171896936 0
1685455086173 0.47901096925139425 0
1685455086270 0.48228939428925516 0
1685455086385 0.4849920706450939 0
1685455086505 0.4876396332681179 0
1685455086615 0.4896564693748951 0
1685455086697 0.49283729657530784 0
1685455086806 0.49511173740029335 0
1685455086921 0.4985269223153591 0
1685455087044 0.5019904826581478 0
1685455087142 0.5052995167672634 0
1685455087220 0.5093018664419651 0
1685455087330 0.5129179625213146 0
1685455087428 0.5156974326074123 0
1685455087527 0.5189347673952579 0
1685455087628 0.5221468313038349 0
1685455087777 0.5240864610671997 0
1685455087875 0.5259314471483231 0
1685455087999 0.5284943091869354 0
1685455088093 0.5308193309605121 0
1685455088267 0.5334656320512294 0
1685455088442 0.5364002306759358 0
1685455088726 0.5392778252065181 0
1685455088900 0.5423221002519131 0
1685455089024 0.5452590243518353 0
1685455089184 0.5484989519417286 0
1685455089303 0.5516292233765125 0
1685455089407 0.5542980761826038 0
1685455089513 0.5572503788769245 0
1685455089620 0.5602306370437146 0
1685455089731 0.5629763801395893 0
1685455089881 0.5657562871277332 0
1685455090050 0.568904894143343 0
1685455090179 0.5721557374298573 0
1685455090333 0.5752640606462955 0
1685455090444 0.5779505173861981 0
1685455090523 0.5804287625849247 0
1685455090630 0.5844453857839107 0
1685455090750 0.5868270425498485 0
1685455090858 0.5904794631898403 0
1685455090962 0.0 0
1685455091063 0.00355625718832016 0
1685455091188 0.00631258875131607 0
1685455091321 0.008606718033552169 0
1685455091420 0.012606040686368941 0
1685455091535 0.01591511592268944 0
1685455091638 0.01903149262070656 0
1685455091765 0.021979146152734757 0
1685455091854 0.025063136070966722 0
1685455091964 0.02723502218723297 0
1685455092081 0.029880387783050535 0
1685455092165 0.03384430974721909 0
1685455092272 0.03689171999692917 0
1685455092381 0.0398963063955307 0
1685455092501 0.04283450365066528 0
1685455092589 0.045300803780555725 0
1685455092696 0.04862648099660873 0
1685455092849 0.0519657552242279 0
1685455092957 0.054794656932353976 0
1685455093068 0.056641087681055066 0
1685455093177 0.059310192912817 0
1685455093262 0.061806874126195906 0
1685455093383 0.06366368547081948 0
1685455093506 0.06631766423583031 0
1685455093657 0.06824263855814934 0
1685455093825 0.07105027124285698 0
1685455094003 0.07363211080431938 0
1685455094133 0.07720265373587608 0
1685455094236 0.08010486885905266 0
1685455094339 0.08317847356200218 0
1685455094481 0.0855868275463581 0
1685455094588 0.08865385219454765 0
1685455094827 0.09102187275886536 0
1685455094980 0.09405362874269485 0
1685455095113 0.09828361630439758 0
1685455095326 0.10145461738109589 0
1685455095534 0.10381045922636986 0
1685455095653 0.10564574047923088 0
1685455095888 0.10859925046563149 0
1685455096203 0.11134804740548133 0
1685455096463 0.11359839275479316 0
1685455096561 0.11688929244875908 0
1685455096690 0.11988184615969658 0
1685455096820 0.12278399959206582 0
1685455096921 0.12555598482489586 0
1685455097052 0.12896958544850348 0
1685455097165 0.1315644146502018 0
1685455097271 0.1346095983684063 0
1685455097374 0.13675872802734376 0
1685455097492 0.13881631299853325 0
1685455097588 0.1416903056204319 0
1685455097665 0.14490350112318992 0
1685455097786 0.14821326062083245 0
1685455097884 0.15097131356596946 0
1685455097991 0.15409821555018424 0
1685455098085 0.15728812232613565 0
1685455098174 0.15944954589009286 0
1685455098257 0.16337873801589012 0
1685455098371 0.1663789628446102 0
1685455098443 0.1690817828476429 0
1685455098533 0.17272369608283042 0
1685455098636 0.17531530782580376 0
1685455098739 0.17778534561395645 0
1685455098845 0.17946554809808732 0
1685455098933 0.18304823637008666 0
1685455099039 0.18492509454488754 0
1685455099122 0.18775886982679368 0
1685455099224 0.1902606803178787 0
1685455099332 0.19316233724355697 0
1685455099442 0.19572743922472 0
1685455099529 0.1982528379559517 0
1685455099635 0.2014768475294113 0
1685455099744 0.20433286398649217 0
1685455099832 0.20682450488209725 0
1685455099941 0.20895372152328492 0
1685455100043 0.21068355306982994 0
1685455100134 0.21360052958130837 0
1685455100239 0.21687928184866906 0
1685455100375 0.21873704731464386 0
1685455100450 0.22068516537547112 0
1685455100553 0.22369521275162696 0
1685455100646 0.2257864584028721 0
1685455100766 0.22892876520752906 0
1685455100874 0.23153309091925622 0
1685455100956 0.234424459785223 0
1685455101061 0.23720214024186134 0
1685455101134 0.23918835490942 0
1685455101211 0.24185598343610765 0
1685455101316 0.24429636985063552 0
1685455101409 0.24651651501655578 0
1685455101500 0.2490668025612831 0
1685455101606 0.2518650898337364 0
1685455101718 0.2544190940260887 0
1685455101793 0.2573221260309219 0
1685455101894 0.2595707595348358 0
1685455101977 0.2629323235154152 0
1685455102123 0.2660043749213219 0
1685455102214 0.2686365041136742 0
1685455102322 0.2710125815868378 0
1685455102424 0.2742752802371979 0
1685455102517 0.2768921715021133 0
1685455102620 0.27910107001662254 0
1685455102708 0.2818397291004658 0
1685455102791 0.28482894107699397 0
1685455102876 0.2871044446527958 0
1685455102982 0.28986106529831884 0
1685455103066 0.2924012203514576 0
1685455103154 0.29421001717448236 0
1685455103266 0.29703921601176264 0
1685455103369 0.2988504275679588 0
1685455103474 0.30119449868798254 0
1685455103557 0.3031967952847481 0
1685455103651 0.3056315092742443 0
1685455103753 0.3076330691576004 0
1685455103842 0.31135895252227785 0
1685455103937 0.31327872097492215 0
1685455104024 0.3160719999670982 0
1685455104102 0.3184105172753334 0
1685455104195 0.32115210384130477 0
1685455104297 0.32337208405137063 0
1685455104391 0.3261379615962505 0
1685455104481 0.3288440404832363 0
1685455104590 0.3313811384141445 0
1685455104686 0.33439411386847495 0
1685455104786 0.3363445058465004 0
1685455104881 0.33873884707689284 0
1685455104977 0.3413316786289215 0
1685455105055 0.3439494088292122 0
1685455105159 0.3470224297046661 0
1685455105256 0.34953319221735 0
1685455105354 0.3522442889213562 0
1685455105472 0.3542995648086071 0
1685455105582 0.3574558909237385 0
1685455105668 0.3602458457648754 0
1685455105774 0.362844565063715 0
1685455105868 0.3652288852632046 0
1685455105998 0.3674189361929894 0
1685455106119 0.36962796181440355 0
1685455106223 0.3724974423646927 0
1685455106328 0.3750822937488556 0
1685455106425 0.3775276744365692 0
1685455106531 0.38036333858966825 0
1685455106648 0.38265879556536675 0
1685455106766 0.38440182864665984 0
1685455106865 0.38682321295142175 0
1685455106941 0.3903253649175167 0
1685455107050 0.39182006418704984 0
1685455107153 0.3939485454559326 0
1685455107253 0.39744904190301894 0
1685455107359 0.3995991575717926 0
1685455107460 0.4018372532725334 0
1685455107567 0.40448779076337815 0
1685455107670 0.40639265641570094 0
1685455107781 0.4094987128674984 0
1685455107882 0.41176930263638495 0
1685455107987 0.41407413154840467 0
1685455108081 0.4166408914327622 0
1685455108178 0.41886136054992673 0
1685455108283 0.421321673989296 0
1685455108388 0.4235494558513164 0
1685455108480 0.42662136927247046 0
1685455108587 0.4298829136788845 0
1685455108695 0.4328268145024776 0
1685455108849 0.43575790360569955 0
1685455108973 0.43746732369065283 0
1685455109042 0.43978763833642004 0
1685455109121 0.44237355574965476 0
1685455109199 0.4457781164348125 0
1685455109279 0.4482044327259064 0
1685455109363 0.4506324025988579 0
1685455109441 0.4530933028459549 0
1685455109534 0.4549472026526928 0
1685455109632 0.4582021377980709 0
1685455109718 0.4602333053946495 0
1685455109828 0.4631716591119766 0
1685455109913 0.46640202939510345 0
1685455109996 0.4689800104498863 0
1685455110100 0.47126043766736986 0
1685455110183 0.473446234613657 0
1685455110273 0.47536826610565186 0
1685455110373 0.47847234904766084 0
1685455110466 0.4823136407136917 0
1685455110575 0.4862337550520897 0
1685455110652 0.48825408846139906 0
1685455110776 0.49100114941596984 0
1685455110885 0.49449962854385376 0
1685455110981 0.49701266139745715 0
1685455111087 0.5006238770484924 0
1685455111205 0.5032015779614448 0
1685455111351 0.505067224651575 0
1685455111473 0.5078309144079686 0
1685455111593 0.5096670405566692 0
1685455111715 0.5123656930029392 0
1685455111810 0.5153543417155743 0
1685455111895 0.5189458464086055 0
1685455112078 0.5219604380428791 0
1685455112166 0.5262697945535183 0
1685455112248 0.528234237730503 0
1685455112328 0.5313254800438881 0
1685455112405 0.5336575047671794 0
1685455112485 0.0 0
1685455112564 0.003683082461357117 0
1685455112644 0.006849943697452545 0
1685455112728 0.009817573130130769 0
1685455112806 0.012746478617191314 0
1685455112885 0.015010908544063568 0
1685455112976 0.017738288938999175 0
1685455113064 0.019641106128692628 0
1685455113171 0.02236741453409195 0
1685455113262 0.02402811259031296 0
1685455113353 0.02719237804412842 0
1685455113444 0.029024152159690855 0
1685455113559 0.031484157741069795 0
1685455113646 0.03355460971593857 0
1685455113747 0.03607016146183014 0
1685455113830 0.038825846314430236 0
1685455113908 0.04119555920362473 0
1685455113984 0.043680649548769 0
1685455114057 0.04605361804366112 0
1685455114162 0.0480977575480938 0
1685455114255 0.050075130611658095 0
1685455114351 0.05265771612524986 0
1685455114452 0.05504427582025528 0
1685455114559 0.05788003414869308 0
1685455114663 0.06043252825736999 0
1685455114736 0.06235036253929138 0
1685455114815 0.06434376955032349 0
1685455114922 0.0667068362236023 0
1685455115012 0.06854844808578492 0
1685455115095 0.0713214099407196 0
1685455115189 0.07480735570192337 0
1685455115267 0.07796974301338196 0
1685455115379 0.08009663626551627 0
1685455115483 0.08255941703915597 0
1685455115576 0.08525798723101616 0
1685455115662 0.0875271898508072 0
1685455115737 0.08944301560521126 0
1685455115833 0.09265672102570534 0
1685455115959 0.09567713811993599 0
1685455116034 0.09801818832755088 0
1685455116115 0.10062095150351524 0
1685455116232 0.10239150390028953 0
1685455116324 0.1042771677672863 0
1685455116403 0.10654843553900718 0
1685455116484 0.10926620706915856 0
1685455116581 0.11258117571473121 0
1685455116676 0.11520935550332069 0
1685455116760 0.11727991789579391 0
1685455116842 0.11951789885759354 0
1685455116922 0.12228665560483933 0
1685455116997 0.12461447656154633 0
1685455117078 0.12714469969272613 0
1685455117156 0.12903683573007585 0
1685455117254 0.13253526210784913 0
1685455117337 0.13503494381904602 0
1685455117415 0.1373712332546711 0
1685455117520 0.13965193867683412 0
1685455117623 0.1419406761229038 0
1685455117721 0.14510711684823036 0
1685455117802 0.14753564402461053 0
1685455117907 0.15045784935355186 0
1685455117987 0.15282461032271386 0
1685455118096 0.15477777078747748 0
1685455118183 0.15734866842627526 0
1685455118279 0.1597582693397999 0
1685455118372 0.16194371178746222 0
1685455118590 0.16495059862732886 0
1685455118796 0.16737327501177787 0
1685455119065 0.17027550771832467 0
1685455119202 0.1724267077445984 0
1685455119342 0.17522061109542847 0
1685455119412 0.17794046074151992 0
1685455119495 0.17966889917850495 0
1685455119585 0.18255530625581742 0
1685455119666 0.1849686722457409 0
1685455119756 0.18712867125868798 0
1685455119859 0.1895996703207493 0
1685455119962 0.1918748590350151 0
1685455120038 0.19421582639217377 0
1685455120121 0.19707558661699295 0
1685455120208 0.19968273252248764 0
1685455120304 0.20221511095762254 0
1685455120380 0.2045530505478382 0
1685455120458 0.20728172317147256 0
1685455120534 0.20927868843078612 0
1685455120626 0.21148600772023202 0
1685455120705 0.2147520227730274 0
1685455120782 0.21712363749742508 0
1685455120915 0.21947149068117142 0
1685455121042 0.2221907538175583 0
1685455121131 0.22484294921159745 0
1685455121220 0.22713156282901764 0
1685455121303 0.2294008266925812 0
1685455121387 0.23230284661054612 0
1685455121465 0.2344830611348152 0
1685455121547 0.23765161633491516 0
1685455121636 0.23986589655280113 0
1685455121714 0.24170354694128038 0
1685455121779 0.24463836193084718 0
1685455121866 0.24778689801692963 0
1685455121953 0.24991522893309592 0
1685455122032 0.25261078372597695 0
1685455122118 0.2563448955118656 0
1685455122204 0.2587257345020771 0
1685455122289 0.26051547929644586 0
1685455122376 0.26247268497943876 0
1685455122462 0.2647711570560932 0
1685455122540 0.268422664552927 0
1685455122647 0.2708492575585842 0
1685455122727 0.2732507210969925 0
1685455122805 0.2755423365533352 0
1685455122902 0.27820015206933024 0
1685455122982 0.28027955666184423 0
1685455123057 0.28251021802425386 0
1685455123140 0.28592548608779905 0
1685455123229 0.2883530516922474 0
1685455123312 0.2909892176091671 0
1685455123398 0.2933549810945988 0
1685455123484 0.2956664019823074 0
1685455123564 0.2979282560944557 0
1685455123645 0.30135492503643035 0
1685455123735 0.3036477714776993 0
1685455123813 0.30615204423666 0
1685455123897 0.3084635837376118 0
1685455123984 0.31102206096053125 0
1685455124064 0.314187503606081 0
1685455124150 0.3172224821150303 0
1685455124235 0.31917134806513786 0
1685455124319 0.3218333597481251 0
1685455124406 0.32497852101922037 0
1685455124491 0.32776354625821114 0
1685455124568 0.3315329904854298 0
1685455124656 0.3340975008904934 0
1685455124750 0.33727541580796244 0
1685455124831 0.33933848425745966 0
1685455124942 0.341355894356966 0
1685455125039 0.3445589877665043 0
1685455125159 0.34779040023684504 0
1685455125255 0.35068500295281413 0
